500 802 532 805 571 613 640 279 618 942 836 731 498 185 290 822 710 275 467 402 20 675 222 141 284 846 622 328 906 833 243 935 590 711 717
499 524 916 428 116 125 309 298 431 696 594 303 728
510 929 280 673 976 138 752 648 153 475 178 599 998 456 464 823 703 111 759 941 615 69 229 862 363 115 266 146 826 123 137 72 775 380 589 109 520 425 642 803 328 196 474 243 635 101
490 698 713 3 506
520 939 195 88 388 700 624 246 183
480 378 924 733 651 573 704 48 23 959 292 659 855
530 289 0 393 326 936 244 207 97 378 303 737 751 664 958 123 214
470 87 917 174 867 813 570 594 407 294 821 958 733 251 944 796 461 14 18 528 935
540 723 692
460 18 179 816 349
550 978 818 994 457 521 455 198 858
450 810 814 17 759 476 752 869 149 924 386
560 619 810 497 182 220 673 690 577 52 447
440 39 662 524 979 402 906 40 886 10 20
570 308 935 632 261 135 364 728 884 911 897 5
430 339 84 635 636 424 841 267 947 109 221 962 396 783 673 723 97 498 423 48 168 581 494 585 505 965 151 693 818 636 474
580 899 134
410 219 179
590 252 555 588 599 754 155 910 604 61 255 162 450
400 510 830 388 843 679 863 370 111 275 941 786 778 63 57
600 246 885 320 757
390 60 711
610 656 722 377 394 521 54 133 765 941 584 782 60 327 83 42 6
380 802 532 805 571 613 640 279 618 942 836 731 498 185 290 822 710 275 467 402 20 675 222 141 284 846 622 328 906 833 243 935 590 711 717
620 524 916 428 116 125 309 298 431 696 594 303 728
370 929 280 673 976 138 752 648 153 475 178 599 998 456 464 823 703 111 759 941 615 69 229 862 363 115 266 146 826 123 137 72 775 380 589 109 520 425 642 803 328 196 474 243 635 101
630 698 713 3 506
360 939 195 88 388 700 624 246 183
640 378 924 733 651 573 704 48 23 959 292 659 855
350 289 0 393 326 936 244 207 97 378 303 737 751 664 958 123 214
650 87 917 174 867 813 570 594 407 294 821 958 733 251 944 796 461 14 18 528 935
340 723 692
660 18 179 816 349
330 978 818 994 457 521 455 198 858
670 810 814 17 759 476 752 869 149 924 386
320 619 810 497 182 220 673 690 577 52 447
680 39 662 524 979 402 906 40 886 10 20
310 308 935 632 261 135 364 728 884 911 897 5
690 339 84 635 636 424 841 267 947 109 221 962 396 783 673 723 97 498 423 48 168 581 494 585 505 965 151 693 818 636 474
300 899 134
700 219 179
290 252 555 588 599 754 155 910 604 61 255 162 450
710 510 830 388 843 679 863 370 111 275 941 786 778 63 57
280 246 885 320 757
720 60 711
270 656 722 377 394 521 54 133 765 941 584 782 60 327 83 42 6
730 802 532 805 571 613 640 279 618 942 836 731 498 185 290 822 710 275 467 402 20 675 222 141 284 846 622 328 906 833 243 935 590 711 717
260 524 916 428 116 125 309 298 431 696 594 303 728
740 929 280 673 976 138 752 648 153 475 178 599 998 456 464 823 703 111 759 941 615 69 229 862 363 115 266 146 826 123 137 72 775 380 589 109 520 425 642 803 328 196 474 243 635 101
250 698 713 3 506
750 939 195 88 388 700 624 246 183
240 378 924 733 651 573 704 48 23 959 292 659 855
760 289 0 393 326 936 244 207 97 378 303 737 751 664 958 123 214
230 87 917 174 867 813 570 594 407 294 821 958 733 251 944 796 461 14 18 528 935
770 723 692
220 18 179 816 349
780 978 818 994 457 521 455 198 858
210 810 814 17 759 476 752 869 149 924 386
790 619 810 497 182 220 673 690 577 52 447
200 39 662 524 979 402 906 40 886 10 20
800 308 935 632 261 135 364 728 884 911 897 5
190 339 84 635 636 424 841 267 947 109 221 962 396 783 673 723 97 498 423 48 168 581 494 585 505 965 151 693 818 636 474
810 899 134
180 219 179
820 252 555 588 599 754 155 910 604 61 255 162 450
170 510 830 388 843 679 863 370 111 275 941 786 778 63 57
830 246 885 320 757
160 60 711
840 656 722 377 394 521 54 133 765 941 584 782 60 327 83 42 6
150 252 555 588 599 754 155 910 604 61 255 162 450
850 510 830 388 843 679 863 370 111 275 941 786 778 63 57
140 246 885 320 757
860 60 711
130 656 722 377 394 521 54 133 765 941 584 782 60 327 83 42 6
870 802 532 805 571 613 640 279 618 942 836 731 498 185 290 822 710 275 467 402 20 675 222 141 284 846 622 328 906 833 243 935 590 711 717
120 524 916 428 116 125 309 298 431 696 594 303 728
880 29 280 673 976 138 752 648 153 475 178 599 998 456 464 823 703 111 759 941 615 69 229 862 363 115 266 146 826 123 137 72 775 380 589 109 520 425 642 803 328 196 474 243 635 101
110 698 713 3 506
890 939 195 88 388 700 624 246 183
100 378 924 733 651 573 704 48 23 959 292 659 855
900 289 0 393 326 936 244 207 97 378 303 737 751 664 958 123 214
90 87 917 174 867 813 570 594 407 294 821 958 733 251 944 796 461 14 18 528 935
910 723 692
80 18 179 816 349
920 978 818 994 457 521 455 198 858
70 810 814 17 759 476 752 869 149 924 386
930 619 810 497 182 220 673 690 577 52 447
60 39 662 524 979 402 906 40 886 10 20
940 308 935 632 261 135 364 728 884 911 897 5
50 339 84 635 636 424 841 267 947 109 221 962 396 783 673 723 97 498 423 48 168 581 494 585 505 965 151 693 818 636 474
950 899 134
40 339 84 635 636 424 841 267 947 109 221 962 396 783 673 723 97 498 423 48 168 581 494 585 505 965 151 693 818 636 474
960 252 555 588 599 754 155 910 604 61 255 162 450