89 69 83 89 80 84 68 84 72 81 69 69 74 77 85 78 71 66 65 82 81 75 80 65 84 70 75 89 79 87 89 89 75 80 85 82 87 83 65 65 88 81 79 73 73 65 66 85 83 87
90 71 85 75 85 76 73 74 88 67 66 86 72 72 89 65 85 65 65 68 85 83 75 87 65 82 75 72 81 68 73 77 68 90 68 78 75 88 90 89 70 74 90 89 70 80 85 77 75 82
89 70 65 67 89 72 80 88 75 66 84 75 88 69 87 67 90 80 68 76 88 84 83 84 88 81 79 74 81 72 73 68 66 66 84 85 86 69 78 89 74 69 80 88 73 80 65 75 76 90
73 87 85 69 78 88 70 70 71 80 73 77 84 81 83 85 74 78 86 80 85 88 70 71 66 65 79 90 81 67 65 78 75 83 68 76 86 65 69 87 65 72 73 69 78 85 70 83 74 76
70 78 73 65 69 71 75 71 73 85 70 78 81 84 74 73 81 67 88 65 65 84 89 74 85 84 89 79 65 71 81 72 79 81 72 85 68 77 72 83 77 89 72 68 86 73 69 85 85 79
78 74 83 75 71 85 73 90 82 72 78 86 65 75 66 84 76 72 75 65 86 75 79 67 71 66 84 79 89 82 77 86 66 69 90 70 67 87 65 85 82 90 74 77 85 68 72 79 78 83
75 72 76 90 66 90 72 80 67 71 66 72 90 84 86 75 65 84 86 84 82 67 72 72 83 65 67 83 88 69 80 84 67 81 72 78 70 76 84 67 84 74 67 71 85 80 73 73 89 73
89 67 75 68 86 67 74 69 83 74 90 83 72 67 73 89 73 76 78 81 90 71 82 75 83 67 77 76 74 67 82 67 87 69 80 80 67 86 71 82 66 88 77 90 82 74 85 74 71 66
77 70 71 70 75 80 81 88 87 69 67 76 80 74 70 74 90 85 73 65 76 74 80 77 66 80 80 82 74 66 90 71 89 77 70 83 73 78 87 89 65 82 89 67 78 78 84 68 77 85
88 84 90 69 77 65 72 71 86 72 78 75 85 76 69 84 67 73 74 74 68 79 72 81 88 79 85 88 65 73 77 69 71 87 88 80 70 83 67 76 66 77 90 68 73 79 67 86 69 78
68 87 88 66 84 77 74 70 83 73 86 85 86 90 70 71 71 84 76 89 76 67 75 85 89 90 75 67 65 86 77 66 90 69 68 72 83 80 82 65 78 87 70 81 90 65 83 80 79 81
65 83 70 72 72 69 67 89 66 67 79 69 81 70 72 79 73 87 84 84 79 85 76 85 77 77 73 83 84 72 85 71 70 83 86 89 89 76 81 81 89 88 69 85 86 72 84 87 86 74
70 85 67 69 66 71 83 73 71 83 79 76 79 65 82 84 79 87 85 72 87 69 67 83 83 81 71 74 65 85 90 71 90 74 84 77 81 77 85 88 83 83 87 81 85 80 83 70 87 65
86 88 70 67 80 71 83 66 83 87 70 86 85 90 77 82 81 72 72 78 79 65 69 76 82 67 77 66 69 86 90 67 69 75 87 89 79 80 77 68 81 88 74 84 86 69 66 79 69 69
89 66 82 70 73 77 73 74 65 90 79 89 85 71 78 76 68 78 90 77 68 85 75 82 78 72 77 84 80 66 86 77 89 78 76 79 89 72 90 86 71 87 67 79 71 81 71 89 67 80
69 81 71 67 74 74 85 89 70 68 77 78 86 77 87 73 90 71 66 86 69 78 75 83 78 83 89 87 86 89 82 84 86 76 66 66 87 72 90 70 75 87 69 85 74 76 83 88 85 87
78 89 71 70 85 72 72 88 76 83 74 75 77 89 68 88 86 65 70 73 71 67 85 75 86 90 78 85 89 88 67 83 85 66 83 69 66 66 73 68 71 73 69 70 75 70 85 76 85 70
79 89 87 66 83 66 78 87 71 84 66 88 76 82 67 77 78 90 77 90 84 77 90 70 66 77 77 81 82 86 86 69 84 81 86 65 73 72 87 75 90 73 71 79 84 85 79 76 86 86
79 82 84 76 70 69 75 71 76 65 66 82 88 85 89 82 84 75 71 71 85 80 86 86 79 71 65 84 73 72 70 89 84 80 80 66 81 75 89 82 78 85 90 85 69 74 71 66 66 78
70 89 68 86 78 78 69 79 74 68 70 80 67 68 76 76 80 75 68 77 84 85 77 75 88 74 73 74 78 85 80 88 85 89 73 76 74 80 80 81 80 67 65 76 74 90 85 87 66 74
82 65 65 85 78 81 87 86 89 74 76 78 85 86 90 85 73 72 76 85 69 87 69 73 82 83 79 75 75 77 76 70 68 77 80 88 80 76 77 81 89 65 72 87 88 69 73 87 66 81
76 71 73 84 85 81 79 88 87 68 89 88 84 71 70 73 87 90 87 68 73 66 90 76 88 68 66 69 72 89 84 69 69 70 72 88 75 79 73 83 72 68 85 65 81 84 79 66 66 90
70 68 66 79 74 71 69 77 74 66 84 70 84 78 77 71 90 72 79 71 74 75 76 83 86 80 71 68 86 80 65 88 77 80 90 66 86 78 70 68 72 88 85 82 85 75 87 90 75 74
90 79 68 69 85 65 74 73 69 75 72 85 71 76 80 79 70 68 89 89 89 75 70 83 70 74 87 75 69 76 84 90 82 71 87 72 68 84 82 71 74 90 82 78 86 73 67 75 76 90
74 75 80 85 66 71 83 66 82 88 72 73 77 73 85 75 80 70 69 77 69 77 75 73 80 83 85 68 69 65 87 85 88 73 87 84 82 69 69 67 65 87 78 80 78 88 85 86 76 85
70 67 84 76 67 80 73 84 77 75 80 71 65 78 89 88 81 89 82 85 80 79 79 79 79 65 90 86 79 66 87 84 87 75 67 78 71 89 80 85 68 83 86 78 70 79 72 80 76 78
68 76 74 84 68 70 80 85 89 77 83 68 72 74 69 82 68 90 74 76 68 77 84 85 82 84 72 89 87 71 88 68 76 80 86 80 68 71 72 67 84 75 66 75 89 68 84 87 83 80
72 83 75 83 88 76 90 88 89 79 69 68 68 79 66 80 77 70 84 72 68 68 83 81 85 68 68 73 89 85 72 84 76 72 77 75 84 86 85 67 69 89 70 75 81 78 70 82 70 86
87 73 68 73 65 67 80 69 85 65 77 81 71 67 89 73 81 89 85 78 77 87 89 66 79 67 73 72 88 78 75 83 87 90 82 86 79 79 83 66 90 86 69 83 79 88 87 83 67 87
84 87 83 74 74 86 68 65 69 89 78 67 70 79 90 68 68 81 88 83 86 74 86 90 80 82 73 78 70 72 72 71 81 85 68 70 75 75 78 84 88 70 75 65 88 72 67 72 85 69
72 82 66 89 67 65 82 76 86 76 70 73 71 88 72 81 72 89 80 68 72 80 73 83 84 68 89 65 72 90 74 73 85 86 79 68 84 76 74 70 67 76 81 86 88 75 90 85 79 83
74 76 85 69 70 86 74 87 74 76 84 77 78 78 76 83 72 69 70 82 82 67 78 78 85 78 67 82 83 75 67 87 74 85 74 90 68 75 86 74 85 67 87 90 70 67 85 65 71 76
88 70 85 71 86 85 80 81 69 71 72 78 66 80 72 85 82 69 90 85 71 69 82 85 66 82 65 74 80 82 81 72 75 68 85 68 84 86 75 78 78 90 88 65 74 69 67 90 82 73
72 83 83 75 69 81 89 70 74 72 77 76 67 68 81 66 89 83 75 78 73 81 83 77 69 89 78 74 83 65 66 73 83 79 80 71 71 78 69 77 80 84 84 74 74 85 80 88 86 89
75 76 69 83 73 74 90 76 69 88 67 90 72 88 87 69 74 71 73 89 73 86 82 89 82 80 66 80 79 83 77 71 73 72 74 88 71 87 74 69 76 84 70 72 74 65 82 81 73 73
81 69 70 71 81 90 77 90 78 78 75 69 66 74 89 89 68 87 77 81 71 80 85 88 65 83 75 79 76 71 80 86 81 79 86 72 68 79 84 68 80 69 85 90 89 85 65 75 86 87
68 76 69 70 87 73 81 86 71 90 90 66 87 66 78 89 69 89 79 84 81 65 84 66 69 70 66 74 87 78 80 84 84 88 68 73 70 67 82 89 73 88 75 82 75 72 67 90 72 76
83 70 78 69 83 76 79 84 81 78 66 67 68 67 77 82 85 90 87 90 72 69 80 89 87 66 72 84 78 84 69 84 83 77 86 88 79 85 66 81 90 72 82 67 87 86 72 78 86 67
68 84 72 85 72 65 88 83 80 65 72 90 86 87 85 84 67 78 70 74 77 80 77 74 68 65 70 84 87 69 77 66 82 80 70 89 88 85 90 76 69 74 67 81 65 77 69 85 90 67
82 68 90 65 76 74 81 65 67 69 74 86 73 67 72 89 75 85 89 82 80 65 72 79 81 75 90 70 66 88 77 88 75 74 74 65 67 72 78 67 80 75 83 69 74 80 90 89 83 83
83 81 82 82 65 81 85 85 83 67 77 89 68 88 81 85 78 79 70 74 76 82 83 71 70 70 85 71 76 72 85 84 67 86 78 68 89 88 68 89 73 73 69 77 72 81 75 70 67 76
82 85 78 72 90 89 65 76 70 71 90 68 69 77 75 88 87 72 87 85 84 82 73 76 86 89 76 69 80 73 68 86 70 71 67 90 78 71 81 65 89 71 80 89 87 81 68 73 70 89
72 84 88 82 75 87 81 69 71 81 77 84 80 87 70 74 66 67 84 87 72 73 84 74 84 68 70 86 68 88 71 81 86 83 90 77 85 82 81 76 90 75 68 80 79 69 82 74 78 80
70 78 78 71 88 89 74 86 85 84 76 66 88 80 78 74 85 75 90 84 78 73 83 80 89 82 83 77 77 66 81 75 81 66 82 87 66 73 86 79 67 75 89 66 72 75 66 86 74 86
69 71 72 71 67 86 78 73 74 82 77 90 83 71 76 71 77 72 67 83 87 83 76 81 88 72 79 90 77 86 81 76 71 90 79 68 83 66 78 66 74 74 71 74 75 72 88 78 89 75
65 76 75 67 67 90 81 78 66 81 88 66 90 87 75 84 85 87 73 83 86 76 71 84 81 77 89 69 87 72 65 83 69 84 72 83 66 86 77 81 84 84 75 79 82 68 81 68 73 83
71 70 75 76 86 68 76 74 74 75 74 67 67 89 71 88 70 83 89 75 89 87 85 68 65 87 74 71 83 67 90 89 73 76 83 85 73 78 65 78 87 79 75 85 79 81 85 69 84 68
80 78 69 82 81 84 65 81 87 77 71 75 73 89 71 74 75 90 73 74 79 75 84 83 78 89 82 72 86 71 76 71 70 86 71 84 85 68 89 73 84 70 74 79 72 88 67 86 76 69
69 67 79 67 73 83 79 85 79 70 88 90 80 76 73 68 68 74 70 83 90 78 86 77 73 74 80 71 78 77 83 72 87 72 87 87 68 89 90 70 89 82 65 73 85 80 77 89 88 87
86 89 71 85 79 73 90 67 74 81 68 81 84 74 78 76 66 82 78 67 75 75 83 76 79 76 90 86 66 90 77 65 90 83 88 70 71 85 82 65 88 82 89 78 87 78 89 76 68 90
86 85 78 83 68 79 72 90 74 78 82 84 68 82 90 77 82 89 83 80 87 78 78 71 80 75 77 87 74 87 78 79 90 79 87 85 87 73 84 75 79 70 78 74 83 67 79 82 70 80
89 74 84 73 71 73 87 84 69 83 88 72 67 78 78 79 90 69 75 82 80 85 70 88 87 78 84 89 88 76 74 83 80 72 83 82 76 69 85 86 69 90 83 84 77 71 80 86 76 65
68 68 79 66 83 85 84 81 82 89 79 86 85 80 87 77 83 74 82 90 87 75 67 77 77 89 76 76 75 89 79 78 67 71 80 77 82 76 87 76 72 69 90 83 70 88 67 77 81 72
72 74 73 73 88 83 78 68 89 71 90 66 70 88 75 65 78 88 69 72 81 69 90 81 71 66 78 74 83 83 87 81 69 76 79 90 90 90 76 69 88 82 84 82 70 66 86 67 70 68
77 77 76 75 87 79 89 79 88 81 86 69 86 76 66 70 74 85 67 74 86 67 69 78 70 88 69 75 79 85 65 70 65 66 69 89 74 68 80 82 85 85 89 77 84 86 90 84 87 83
65 87 88 80 75 86 80 74 89 78 75 79 68 84 87 66 66 74 82 67 69 74 83 76 75 79 80 79 90 89 72 69 88 79 89 84 73 72 72 85 69 82 84 66 89 84 74 67 78 70
76 65 80 81 87 68 77 75 65 73 88 68 82 90 86 87 85 82 77 82 79 85 77 87 87 66 72 69 90 77 74 68 90 90 77 80 73 84 88 82 80 82 85 78 66 87 90 71 67 69
69 73 75 85 78 81 81 79 87 77 79 65 83 65 69 79 82 76 77 88 81 71 90 89 71 66 77 79 69 87 85 78 80 70 74 70 77 88 77 85 72 80 67 74 80 78 88 70 73 84
68 67 68 70 85 86 81 78 72 74 69 75 66 78 66 76 70 69 82 72 83 70 78 70 72 72 83 82 86 75 66 70 69 76 88 72 86 75 73 68 67 68 69 82 66 74 86 73 81 66
77 76 85 75 85 65 90 74 68 84 76 81 65 87 66 78 87 67 69 66 90 85 67 68 85 82 76 70 79 78 89 85 89 73 74 81 67 83 76 83 67 66 86 88 65 87 90 78 85 76
90 87 88 78 77 89 75 66 89 80 76 67 88 71 90 76 88 71 73 67 83 67 85 82 89 72 78 73 83 87 69 86 83 86 81 79 76 87 89 75 81 68 73 83 65 89 68 70 82 73
80 86 76 80 81 89 70 88 90 67 83 83 74 78 80 78 83 69 75 83 81 80 85 70 89 79 66 67 69 74 68 68 84 83 83 81 86 83 85 86 72 81 72 82 66 88 73 81 66 67
78 71 69 83 84 70 74 89 81 66 80 79 79 84 73 88 70 76 66 90 83 90 71 82 84 65 82 89 80 77 66 90 71 75 89 73 71 71 85 82 81 74 80 78 72 67 80 86 84 78
86 84 82 69 84 77 66 67 66 67 78 78 89 76 70 76 77 90 82 79 89 76 66 75 87 87 87 85 74 81 84 89 80 78 74 90 72 85 71 87 67 69 79 78 70 71 67 66 82 71
78 67 82 72 69 73 88 69 72 87 70 81 89 71 76 88 69 89 80 80 77 73 88 73 90 84 85 83 76 80 69 70 70 76 77 81 82 80 88 77 90 75 67 76 80 76 81 69 78 73
79 67 66 73 67 88 82 89 76 69 77 78 69 72 83 71 90 71 72 78 73 90 68 76 67 75 85 86 89 73 84 86 68 82 68 72 89 78 67 78 84 65 80 80 79 81 75 85 70 80
88 86 68 86 73 82 75 68 83 77 78 71 67 78 81 72 66 67 65 65 69 90 71 76 84 72 70 77 77 76 84 77 68 71 87 70 78 90 71 88 67 74 69 76 68 69 77 88 81 85
80 66 88 66 83 75 88 66 75 74 83 79 65 80 78 78 68 67 74 89 71 65 77 69 67 78 72 69 67 81 72 70 79 83 69 71 77 74 70 79 83 72 77 69 81 65 74 73 67 66
88 85 84 87 65 76 88 82 86 81 86 70 81 67 67 82 79 87 84 66 75 81 77 82 73 88 79 75 90 66 75 73 72 77 65 68 78 86 77 67 80 80 65 65 68 77 75 87 67 84
67 75 77 84 77 65 68 87 65 66 88 81 80 79 86 73 68 70 77 88 87 73 85 85 69 72 75 88 76 72 80 68 77 75 69 87 80 77 78 70 79 67 71 81 78 85 84 68 70 66
76 72 74 73 87 86 81 78 71 89 69 71 90 87 84 86 76 82 72 78 76 76 83 86 81 88 85 81 82 80 81 74 90 73 76 69 66 65 89 87 79 70 69 68 88 80 75 77 83 77
70 71 81 81 74 90 87 74 71 88 81 69 74 77 79 89 74 68 70 77 90 72 90 76 76 71 71 84 76 74 84 86 75 90 77 81 86 84 90 70 66 65 75 68 76 83 90 66 70 74
78 78 74 73 77 79 74 85 76 70 85 89 71 71 82 77 73 83 84 67 71 84 88 68 90 65 74 90 88 68 68 85 77 85 67 87 82 77 80 70 74 79 78 87 81 74 73 68 70 77
66 65 89 79 84 67 70 90 83 68 65 90 81 89 66 87 84 68 69 74 86 77 82 70 75 65 87 81 79 84 74 71 88 78 76 73 69 89 76 79 66 80 72 78 72 79 81 77 90 72
78 66 71 83 88 71 88 72 74 68 84 89 78 77 85 74 74 77 79 72 89 72 79 73 72 79 82 71 79 87 85 84 69 90 72 69 65 83 78 76 85 71 74 72 74 83 86 70 90 89
90 68 90 80 72 87 76 75 75 69 78 69 70 70 67 66 66 79 71 74 87 85 89 73 80 66 90 67 77 90 69 82 74 65 79 73 65 67 80 87 87 90 77 73 84 85 88 73 86 74
78 75 80 76 79 84 76 80 67 67 79 72 67 88 71 71 80 65 67 71 83 69 68 85 90 74 74 90 67 69 84 87 76 67 65 81 85 83 81 72 71 67 78 71 86 87 65 85 65 85
71 73 69 84 82 75 88 85 89 90 71 85 66 90 87 68 68 88 76 86 69 82 65 77 67 73 69 81 73 73 72 83 73 89 90 77 72 83 86 74 82 74 86 85 70 74 75 70 73 69
83 87 87 81 87 80 69 68 71 83 65 66 71 74 76 67 72 76 77 87 87 85 72 69 67 72 74 81 66 76 68 72 77 84 78 73 86 89 80 72 88 85 85 88 65 89 67 83 77 66
72 76 76 84 74 65 69 90 72 67 86 78 82 74 84 84 78 84 69 81 83 72 73 76 68 83 67 73 74 71 73 80 78 73 73 73 68 78 83 75 88 87 71 71 86 81 75 79 86 70
84 66 82 88 73 78 83 87 88 88 87 68 76 85 73 88 81 84 87 67 73 89 82 77 82 77 70 87 89 85 80 78 65 90 75 65 88 84 65 70 78 79 68 73 68 81 68 86 66 86
79 86 73 67 88 75 73 68 79 70 88 89 88 84 79 66 68 83 76 70 66 66 82 84 80 78 82 82 69 78 82 67 89 70 88 79 77 82 76 71 86 70 75 81 69 67 83 71 85 70
65 65 89 84 88 85 82 72 73 82 82 72 89 71 85 73 76 67 78 82 68 82 87 67 77 81 71 83 76 76 66 65 78 73 86 86 76 73 89 87 84 84 69 65 78 69 79 66 90 65
65 69 69 79 67 90 81 84 75 81 88 85 72 71 82 72 86 71 65 66 73 68 84 79 75 73 90 76 77 77 76 65 67 85 66 65 71 69 84 80 73 68 73 82 90 78 79 89 75 84
90 76 82 66 72 67 77 70 66 68 68 78 81 76 72 67 69 72 88 89 78 90 90 76 68 87 75 74 66 87 87 81 86 85 90 80 75 79 80 84 84 72 83 72 69 77 89 82 83 69
80 83 74 73 66 84 69 87 73 87 89 85 82 74 87 67 89 65 84 69 65 77 85 75 74 79 65 82 83 87 79 69 84 79 65 66 81 66 70 81 68 85 66 80 76 77 78 70 73 84
76 65 82 78 85 78 82 74 87 67 72 81 69 71 84 80 87 74 83 87 85 80 84 89 79 85 85 80 90 73 87 84 71 65 81 72 68 67 70 76 70 85 82 80 77 79 68 68 70 71
74 69 83 75 68 81 76 71 84 88 66 67 85 87 87 79 82 73 66 80 75 82 83 80 74 70 86 75 87 81 77 82 74 75 73 71 87 71 84 68 74 90 79 72 84 79 69 73 69 69
76 84 83 78 68 85 71 83 67 68 74 88 81 66 90 79 80 81 77 88 77 84 66 89 79 73 66 82 65 83 79 71 75 67 82 71 89 75 76 80 86 75 81 87 69 83 65 88 81 72
85 87 88 70 90 87 74 69 71 65 75 89 77 75 82 72 67 77 83 70 65 79 81 84 70 83 80 66 69 67 66 82 68 84 78 90 76 90 84 74 75 68 83 79 81 84 69 82 75 65
75 66 70 88 85 90 69 65 90 82 67 82 88 78 76 85 76 88 81 65 79 79 84 84 78 88 71 85 79 87 70 87 71 74 81 66 68 69 71 87 83 73 79 81 83 69 85 68 84 68
82 78 72 79 78 79 66 77 85 88 72 71 68 68 67 78 84 83 67 65 82 66 80 79 88 69 72 77 87 72 88 70 67 67 74 71 67 74 69 86 65 70 66 79 88 77 72 71 88 77
78 81 82 68 74 80 77 70 67 89 65 83 70 66 84 77 84 87 82 83 86 77 69 82 70 66 79 68 73 72 70 77 88 67 67 86 65 70 67 86 74 87 69 75 87 76 80 87 79 67
71 74 74 71 68 69 69 83 87 86 83 72 87 88 89 84 85 78 84 77 66 90 79 78 83 65 86 90 77 71 67 78 67 87 86 78 66 87 69 79 85 76 84 86 77 72 74 88 87 72
84 90 90 70 89 70 65 88 89 68 83 83 73 72 81 89 68 68 87 68 71 67 90 83 81 84 73 79 78 83 88 89 78 79 76 79 81 80 66 81 77 78 71 83 89 86 89 75 75 89
88 90 68 85 85 68 75 68 70 65 86 79 74 81 90 81 77 82 69 66 68 71 81 72 78 72 66 72 78 81 72 65 68 70 72 81 72 84 72 87 67 85 81 76 82 89 73 78 74 70
90 90 71 90 68 82 79 90 66 70 71 90 65 65 76 66 75 68 83 79 82 71 75 87 84 90 71 79 69 75 75 72 83 70 80 66 87 86 78 85 85 90 83 74 87 69 80 69 86 87
77 76 72 80 72 77 73 89 74 85 78 72 90 80 65 66 68 88 83 77 89 81 67 84 71 77 67 65 90 66 70 68 90 76 80 72 74 68 82 72 72 75 66 79 73 86 67 80 73 79
90 80 65 82 86 76 80 88 65 75 71 66 70 89 67 65 86 85 86 86 69 70 84 83 73 78 71 69 88 89 87 73 70 83 72 71 65 88 71 86 80 87 78 69 69 88 89 81 78 83
83 66 85 89 73 66 78 74 66 69 70 78 84 88 80 85 83 84 70 72 68 74 85 87 66 65 86 69 84 77 85 86 76 84 68 66 73 79 65 89 73